# Using the calibration algorithm
bias: [-0.0118351, 0.00533736, -0.00596248, 0.00064073, 0.0725907, 0.00805979]
gripper_com_frame_id: end_effector
gripper_com_pose: [-0.00583072, 0.129304, 0.000191861, 0.0, 0.0, 0.0]
gripper_mass: 3.26024
