bias: [0.0, 0.0, 0.0, 0.0, 0.0, 0.0]
gripper_com_frame_id: end_effector
gripper_com_pose: [-0.00745342, 0.129635, 0.00179105, 0.0, 0.0, 0.0]
gripper_mass: 3.2603
