pose0: [-0.391454, 0.27643, 0.398496, -0.699645, 0.264964, 0.365214]
pose1: [0.544716, 0.074425, 1.095642, 0.967859, -0.24338, -0.702985]
pose2: [0.09123, 0.266684, 0.184346, -2.516244, -0.441497, -1.279227]
pose3: [-0.674418, 0.490463, 0.885431, -2.987519, 0.273613, 2.754712]
pose4: [-0.600421, -0.052709, 1.22984, -0.997998, 0.149795, 2.461518]
pose5: [0.137447, 0.157568, 0.311952, -2.818236, -0.682753, -1.113925]
pose6: [-0.680151, 0.330625, 0.245776, 0.843353, -1.219277, 1.292308]
pose7: [0.584331, 0.270803, 0.94624, 0.481436, 0.243215, -0.77928]
pose8: [-0.339482, 0.148463, 0.611104, -0.18025, -0.755787, 0.952977]
pose9: [-0.519517, 0.582128, -0.022932, -0.958425, 1.093803, -0.201379]
pose10: [0.110682, 0.196269, 1.346571, 1.270036, 0.686045, -0.090803]
pose11: [0.173294, 0.342244, 0.664792, -0.150571, 0.032675, -0.909264]
pose12: [0.061152, 0.41571, 0.26077, -1.54832, 0.020353, -0.228139]
pose13: [-0.389424, 0.157046, 0.428271, -1.055279, 0.862164, 0.628915]
pose14: [-0.042534, 0.210446, 0.306349, 1.630764, 0.031655, 2.849294]
pose15: [0.12184, 0.385526, 0.565312, 1.4308, 1.205903, -2.155689]
pose16: [0.269654, 0.385205, 1.225006, 2.688342, 0.866746, -1.959911]
pose17: [-0.295807, 0.009039, 0.160568, -1.865504, 1.05977, -0.044364]
pose18: [-0.028243, 0.202811, 1.360373, 2.96317, 1.165204, -1.624418]
pose19: [0.158191, 0.457752, 1.256896, -2.061248, 0.759413, -2.696417]
pose20: [0.433976, 0.030467, 0.232752, 0.938476, -0.5041, -2.784392]
pose21: [0.960014, 0.371998, 0.244232, 1.801667, 0.479449, -2.209531]
pose22: [-0.396353, 0.269643, 0.128755, 1.450228, -0.448538, 2.727657]
pose23: [-0.070984, 0.45871, 1.113282, -2.837013, -0.552274, 2.772227]
pose24: [-0.491151, 0.084731, 0.23302, -2.494994, 0.929699, 0.896298]
pose25: [-0.517642, 0.142095, 0.565207, -2.35707, 0.213722, 1.2052]
pose26: [-0.897796, -0.070508, 0.093273, 0.586528, 0.070794, 2.115827]
pose27: [-0.063159, 0.019884, 1.308814, 1.603744, -0.888061, 0.077444]
pose28: [0.153158, 0.628939, 0.198839, -1.113984, 0.49564, -0.496923]
pose29: [0.755042, 0.653841, 0.370677, 3.133369, -0.045625, -2.179096]
loop_rate: 500.0
wait_time: 2.0
moveit_group_name: arm
calib_file_name: ft_calibrated_data.yaml
calib_file_dir: ~/catkin_ws/src/grips/grips_ft_sensor/config
random_poses: false
number_random_poses: 0.0
poses_frame_id: world
